1	208075900804
2	225295110068
3	225360844756
4	225420324183
5	225490359443
6	225548760954
7	225585986683
8	225626486578
9	225676741735
10	225748507360
11	225806920224
12	225844921683
13	225890634235
14	225964769808
15	226022691214
16	226064130901
17	226109542099
18	226174660589
19	226244988766
20	226287232620
21	226341413297
22	226420692047
23	226483472047
24	226541399234
25	226608100484
26	226674631370
27	226741367151
28	226808067411
29	226874708713
30	226941522828
31	227008034651
32	227074630015
33	227141387515
34	227208111734
35	227274732203
36	227341256317
37	227408176161
